  0.0000000e+000  0.0000000e+000
  4.5000000e-002  0.0000000e+000
  4.6200000e-002 -1.1035949e-001
  4.7400000e-002 -9.0871653e-002
  4.8600000e-002  1.0631080e-001
  4.9800000e-002  3.6953780e-001
  5.1000000e-002  5.4206495e-001
  5.2200000e-002  5.9543022e-001
  5.3400000e-002  5.9368480e-001
  5.4600000e-002  5.0498259e-001
  5.5800000e-002  3.9003959e-001
  5.7000000e-002  2.9041674e-001
  5.8200000e-002  2.0227956e-001
  5.9400000e-002  1.8270971e-001
  6.0600000e-002  2.9188683e-001
  6.1800000e-002  4.1866292e-001
  6.3000000e-002  5.0164977e-001
  6.4200000e-002  5.6845845e-001
  6.5400000e-002  5.9934225e-001
  6.6600000e-002  6.4335443e-001
  6.7800000e-002  6.4998230e-001
  6.9000000e-002  5.4276093e-001
  7.0200000e-002  4.1413174e-001
  7.1400000e-002  3.7555477e-001
  7.2600000e-002  4.0490672e-001
  7.3800000e-002  4.7212747e-001
  7.5000000e-002  5.6923875e-001
  7.6200000e-002  5.5640406e-001
  7.7400000e-002  5.2646245e-001
  7.8600000e-002  5.0898062e-001
  7.9800000e-002  4.9459305e-001
  8.1000000e-002  4.9362027e-001
  8.2200000e-002  5.0380274e-001
  8.3400000e-002  5.3504028e-001
  8.4600000e-002  7.0018083e-001
  8.5800000e-002  8.7369386e-001
  8.7000000e-002  9.9519632e-001
  8.8200000e-002  1.1361760e+000
  8.9400000e-002  1.1595384e+000
  9.0600000e-002  1.1026474e+000
  9.1800000e-002  1.0167574e+000
  9.3000000e-002  9.4717918e-001
  9.4200000e-002  8.4507905e-001
  9.5400000e-002  8.5591663e-001
  9.6600000e-002  8.8412389e-001
  9.7800000e-002  9.5635012e-001
  9.9000000e-002  1.0488768e+000
  1.0020000e-001  1.0864114e+000
  1.0140000e-001  1.1367254e+000
  1.0260000e-001  1.1720022e+000
  1.0380000e-001  1.1282540e+000
  1.0500000e-001  1.1633290e+000
  1.0620000e-001  1.2333560e+000
  1.0740000e-001  1.2964390e+000
  1.0860000e-001  1.3321423e+000
  1.0980000e-001  1.4060510e+000
  1.1100000e-001  1.4629309e+000
  1.1220000e-001  1.5380157e+000
  1.1340000e-001  1.5544776e+000
  1.1460000e-001  1.5312659e+000
  1.1580000e-001  1.5248461e+000
  1.1700000e-001  1.5547972e+000
  1.1820000e-001  1.5763679e+000
  1.1940000e-001  1.6179439e+000
  1.2060000e-001  1.6728210e+000
  1.2180000e-001  1.7127914e+000
  1.2300000e-001  1.8255115e+000
  1.2420000e-001  1.8575512e+000
  1.2540000e-001  1.8817273e+000
  1.2660000e-001  1.8730911e+000
  1.2780000e-001  1.8367587e+000
  1.2900000e-001  1.8081757e+000
  1.3020000e-001  1.7452980e+000
  1.3140000e-001  1.7415143e+000
  1.3260000e-001  1.7394419e+000
  1.3380000e-001  1.7222758e+000
  1.3500000e-001  1.7187537e+000
  1.3620000e-001  1.7018096e+000
  1.3740000e-001  1.7179800e+000
  1.3860000e-001  1.7351000e+000
  1.3980000e-001  1.7291150e+000
  1.4100000e-001  1.7137016e+000
  1.4220000e-001  1.6911483e+000
  1.4340000e-001  1.7126874e+000
  1.4460000e-001  1.6598597e+000
  1.4580000e-001  1.6610764e+000
  1.4700000e-001  1.6239602e+000
  1.4820000e-001  1.5957330e+000
  1.4940000e-001  1.6138147e+000
  1.5060000e-001  1.5677561e+000
  1.5180000e-001  1.5865166e+000
  1.5300000e-001  1.5719914e+000
  1.5420000e-001  1.6273830e+000
  1.5540000e-001  1.6770041e+000
  1.5660000e-001  1.7629295e+000
  1.5780000e-001  1.8345500e+000
  1.5900000e-001  1.8700310e+000
  1.6020000e-001  1.8901545e+000
  1.6140000e-001  1.9003313e+000
  1.6260000e-001  1.8864043e+000
  1.6380000e-001  1.8732203e+000
  1.6500000e-001  1.8171750e+000
  1.6620000e-001  1.7588359e+000
  1.6740000e-001  1.7150765e+000
  1.6860000e-001  1.6931559e+000
  1.6980000e-001  1.6822360e+000
  1.7100000e-001  1.7162616e+000
  1.7220000e-001  1.7390010e+000
  1.7340000e-001  1.7620969e+000
  1.7460000e-001  1.7787553e+000
  1.7580000e-001  1.7495210e+000
  1.7700000e-001  1.7420175e+000
  1.7820000e-001  1.7359844e+000
  1.7940000e-001  1.7245327e+000
  1.8060000e-001  1.7039567e+000
  1.8180000e-001  1.7068151e+000
  1.8300000e-001  1.6792273e+000
  1.8420000e-001  1.6872275e+000
  1.8540000e-001  1.6954691e+000
  1.8660000e-001  1.7199294e+000
  1.8780000e-001  1.7720361e+000
  1.8900000e-001  1.8162421e+000
  1.9020000e-001  1.8690891e+000
  1.9140000e-001  1.9382449e+000
  1.9260000e-001  2.0123418e+000
  1.9380000e-001  2.0727116e+000
  1.9500000e-001  2.1377725e+000
  1.9620000e-001  2.1747695e+000
  1.9740000e-001  2.1712413e+000
  1.9784490e-001  2.1734299e+000
  1.9855905e-001  2.1734299e+000
  1.9927335e-001  2.1703150e+000
  1.9998765e-001  2.1714462e+000
  2.0070180e-001  2.1714462e+000
  2.0141610e-001  2.1732352e+000
  2.0213025e-001  2.1732352e+000
  2.0284455e-001  2.1732352e+000
  2.0355870e-001  2.1732352e+000
  2.0427300e-001  2.1784872e+000
  2.0498715e-001  2.1872445e+000
  2.0570145e-001  2.2117090e+000
  2.0641560e-001  2.2387309e+000
  2.0712990e-001  2.2494464e+000
  2.0784405e-001  2.2804334e+000
  2.0855835e-001  2.3261269e+000
  2.0927250e-001  2.3494189e+000
  2.0998680e-001  2.3612327e+000
  2.1070095e-001  2.3678852e+000
  2.1141525e-001  2.3840007e+000
  2.1212940e-001  2.4049351e+000
  2.1284370e-001  2.4202057e+000
  2.1355785e-001  2.4388985e+000
  2.1427215e-001  2.4507265e+000
  2.1498630e-001  2.4602053e+000
  2.1570060e-001  2.4688610e+000
  2.1641490e-001  2.4740769e+000
  2.1712905e-001  2.4947660e+000
  2.1784335e-001  2.4985692e+000
  2.1855750e-001  2.5376004e+000
  2.1927180e-001  2.5690872e+000
  2.1998595e-001  2.5835359e+000
  2.2070025e-001  2.5951300e+000
  2.2141440e-001  2.6202679e+000
  2.2212870e-001  2.6534924e+000
  2.2284285e-001  2.6766558e+000
  2.2355715e-001  2.6909302e+000
  2.2427130e-001  2.7292886e+000
  2.2498560e-001  2.7722083e+000
  2.2569975e-001  2.7879993e+000
  2.2641405e-001  2.7909561e+000
  2.2712820e-001  2.8026598e+000
  2.2784250e-001  2.8442289e+000
  2.2855665e-001  2.9021153e+000
  2.2927095e-001  2.9326018e+000
  2.2998510e-001  2.9452455e+000
  2.3069940e-001  2.9562169e+000
  2.3141370e-001  2.9593957e+000
  2.3212785e-001  2.9879059e+000
  2.3284215e-001  3.0109934e+000
  2.3355630e-001  3.0109934e+000
  2.3427060e-001  3.0109934e+000
  2.3498475e-001  3.0109934e+000
  2.3569905e-001  3.0109934e+000
  2.3641320e-001  3.0109934e+000
  2.3712750e-001  3.0109934e+000
  2.3784165e-001  3.0009217e+000
  2.3855595e-001  2.9848315e+000
  2.3927010e-001  2.9683378e+000
  2.3998440e-001  2.9683378e+000
  2.4069855e-001  2.9683378e+000
  2.4141285e-001  2.9965163e+000
  2.4212700e-001  2.9929209e+000
  2.4284130e-001  2.9917808e+000
  2.4355545e-001  2.9514439e+000
  2.4426975e-001  2.9514439e+000
  2.4498390e-001  2.9917808e+000
  2.4569820e-001  3.0336690e+000
  2.4641235e-001  3.0336690e+000
  2.4712665e-001  2.9887365e+000
  2.4784095e-001  2.9110245e+000
  2.4855510e-001  2.9110245e+000
  2.4926940e-001  2.9519015e+000
  2.4998355e-001  2.9519015e+000
  2.5069785e-001  2.9278378e+000
  2.5141200e-001  2.8869608e+000
  2.5212630e-001  2.8706888e+000
  2.5284045e-001  2.8706888e+000
  2.5355475e-001  2.8738058e+000
  2.5426890e-001  2.8738058e+000
  2.5498320e-001  2.8559182e+000
  2.5569735e-001  2.7901972e+000
  2.5641165e-001  2.7329688e+000
  2.5712580e-001  2.7329688e+000
  2.5784010e-001  2.7649084e+000
  2.5855425e-001  2.7877155e+000
  2.5926855e-001  2.7877155e+000
  2.5998270e-001  2.7392068e+000
  2.6069700e-001  2.7392068e+000
  2.6141115e-001  2.7392068e+000
  2.6212545e-001  2.7519412e+000
  2.6283975e-001  2.7660041e+000
  2.6355390e-001  2.7660041e+000
  2.6426820e-001  2.7519412e+000
  2.6498235e-001  2.7519412e+000
  2.6569665e-001  2.7573149e+000
  2.6641080e-001  2.7781517e+000
  2.6712510e-001  2.7925675e+000
  2.6783925e-001  2.7925675e+000
  2.6855355e-001  2.7781517e+000
  2.6926770e-001  2.7781517e+000
  2.6998200e-001  2.7927328e+000
  2.7069615e-001  2.8045174e+000
  2.7141045e-001  2.8079826e+000
  2.7212460e-001  2.8040052e+000
  2.7283890e-001  2.7927328e+000
  2.7355305e-001  2.7742110e+000
  2.7426735e-001  2.7742110e+000
  2.7498150e-001  2.7776762e+000
  2.7569580e-001  2.7776762e+000
  2.7640995e-001  2.7749556e+000
  2.7712425e-001  2.7391601e+000
  2.7783855e-001  2.7391601e+000
  2.7855270e-001  2.7313162e+000
  2.7926700e-001  2.7391601e+000
  2.7998115e-001  2.7391601e+000
  2.8069545e-001  2.7420285e+000
  2.8140960e-001  2.7420285e+000
  2.8212390e-001  2.7346206e+000
  2.8283805e-001  2.7420285e+000
  2.8355235e-001  2.7495085e+000
  2.8426650e-001  2.7495085e+000
  2.8498080e-001  2.7407697e+000
  2.8569495e-001  2.7407697e+000
  2.8640925e-001  2.7329697e+000
  2.8712340e-001  2.7403777e+000
  2.8783770e-001  2.7236515e+000
  2.8855185e-001  2.7030541e+000
  2.8926615e-001  2.6873831e+000
  2.8998030e-001  2.6750099e+000
  2.9069460e-001  2.6750099e+000
  2.9140875e-001  2.6750099e+000
  2.9212305e-001  2.6651316e+000
  2.9283720e-001  2.6651316e+000
  2.9355150e-001  2.6640418e+000
  2.9426580e-001  2.6629669e+000
  2.9497995e-001  2.6629669e+000
  2.9569425e-001  2.6801289e+000
  2.9640840e-001  2.6876746e+000
  2.9712270e-001  2.7019044e+000
  2.9783685e-001  2.7116646e+000
  2.9855115e-001  2.7297643e+000
  2.9926530e-001  2.7305179e+000
  2.9997960e-001  2.7325026e+000
  3.0069375e-001  2.7427177e+000
  3.0140805e-001  2.7522812e+000
  3.0212220e-001  2.7567698e+000
  3.0283650e-001  2.7835468e+000
  3.0355065e-001  2.8113978e+000
  3.0426495e-001  2.8195466e+000
  3.0497910e-001  2.8239227e+000
  3.0569340e-001  2.8239227e+000
  3.0640755e-001  2.8239227e+000
  3.0712185e-001  2.8195466e+000
  3.0783600e-001  2.8195466e+000
  3.0855030e-001  2.8239227e+000
  3.0926460e-001  2.8454696e+000
  3.0997875e-001  2.8756455e+000
  3.1069305e-001  2.8756455e+000
  3.1140720e-001  2.8756455e+000
  3.1212150e-001  2.8756455e+000
  3.1283565e-001  2.8971607e+000
  3.1354995e-001  2.9108109e+000
  3.1426410e-001  2.9241768e+000
  3.1497840e-001  2.9387090e+000
  3.1569255e-001  2.9387090e+000
  3.1640685e-001  2.9663537e+000
  3.1712100e-001  2.9955791e+000
  3.1783530e-001  3.0051728e+000
  3.1854945e-001  3.0237558e+000
  3.1926375e-001  3.0358480e+000
  3.1997790e-001  3.0381164e+000
  3.2069220e-001  3.0512951e+000
  3.2140635e-001  3.0641948e+000
  3.2212065e-001  3.0972135e+000
  3.2283480e-001  3.1426139e+000
  3.2354910e-001  3.1584874e+000
  3.2426340e-001  3.1639201e+000
  3.2497755e-001  3.1754614e+000
  3.2569185e-001  3.1865857e+000
  3.2640600e-001  3.1951653e+000
  3.2712030e-001  3.2052472e+000
  3.2783445e-001  3.2124356e+000
  3.2854875e-001  3.2361552e+000
  3.2926290e-001  3.2606890e+000
  3.2997720e-001  3.2783728e+000
  3.3069135e-001  3.3012121e+000
  3.3140565e-001  3.3182705e+000
  3.3211980e-001  3.3279088e+000
  3.3283410e-001  3.3445714e+000
  3.3354825e-001  3.3609084e+000
  3.3426255e-001  3.3675723e+000
  3.3497670e-001  3.4158571e+000
  3.3569100e-001  3.4592147e+000
  3.3640515e-001  3.4650553e+000
  3.3711945e-001  3.4832025e+000
  3.3783360e-001  3.5112373e+000
  3.3854790e-001  3.5112373e+000
  3.3926205e-001  3.5112373e+000
  3.3997635e-001  3.4978133e+000
  3.4069065e-001  3.4802862e+000
  3.4140480e-001  3.4802862e+000
  3.4211910e-001  3.5206099e+000
  3.4283325e-001  3.5206099e+000
  3.4354755e-001  3.4718297e+000
  3.4426170e-001  3.4500638e+000
  3.4497600e-001  3.4469850e+000
  3.4569015e-001  3.4500638e+000
  3.4640445e-001  3.4718297e+000
  3.4711860e-001  3.5130390e+000
  3.4783290e-001  3.5002933e+000
  3.4854705e-001  3.4590840e+000
  3.4926135e-001  3.4347535e+000
  3.4997550e-001  3.3864481e+000
  3.5068980e-001  3.4409720e+000
  3.5140395e-001  3.4914818e+000
  3.5211825e-001  3.5104589e+000
  3.5283240e-001  3.4842796e+000
  3.5354670e-001  3.4528317e+000
  3.5426085e-001  3.4110301e+000
  3.5497515e-001  3.4110301e+000
  3.5568945e-001  3.4501046e+000
  3.5640360e-001  3.4815525e+000
  3.5711790e-001  3.5021409e+000
  3.5783205e-001  3.4804368e+000
  3.5854635e-001  3.4501046e+000
  3.5926050e-001  3.4376567e+000
  3.5997480e-001  3.4245369e+000
  3.6068895e-001  3.4474004e+000
  3.6140325e-001  3.4474004e+000
  3.6211740e-001  3.4542452e+000
  3.6283170e-001  3.4273121e+000
  3.6354585e-001  3.4273121e+000
  3.6426015e-001  3.4273121e+000
  3.6497430e-001  3.4348580e+000
  3.6568860e-001  3.4272177e+000
  3.6640275e-001  3.4482784e+000
  3.6711705e-001  3.4550719e+000
  3.6783120e-001  3.4550719e+000
  3.6854550e-001  3.4599608e+000
  3.6925965e-001  3.4568320e+000
  3.6997395e-001  3.4599608e+000
  3.7068825e-001  3.4604864e+000
  3.7140240e-001  3.4604864e+000
  3.7211670e-001  3.4604864e+000
  3.7283085e-001  3.4628687e+000
  3.7354515e-001  3.4604864e+000
  3.7425930e-001  3.4604864e+000
  3.7497360e-001  3.4568320e+000
  3.7568775e-001  3.4591901e+000
  3.7640205e-001  3.4512167e+000
  3.7711620e-001  3.4313743e+000
  3.7783050e-001  3.4197301e+000
  3.7854465e-001  3.4161421e+000
  3.7925895e-001  3.4161421e+000
  3.7997310e-001  3.4161421e+000
  3.8068740e-001  3.4152594e+000
  3.8140155e-001  3.4115037e+000
  3.8211585e-001  3.3967110e+000
  3.8283000e-001  3.3844609e+000
  3.8354430e-001  3.3844609e+000
  3.8425845e-001  3.3844609e+000
  3.8497275e-001  3.3859932e+000
  3.8568690e-001  3.3812112e+000
  3.8640120e-001  3.3758718e+000
  3.8711550e-001  3.3741781e+000
  3.8782965e-001  3.3741781e+000
  3.8854395e-001  3.3672119e+000
  3.8925810e-001  3.3674921e+000
  3.8997240e-001  3.3674921e+000
  3.9068655e-001  3.3674921e+000
  3.9140085e-001  3.3674921e+000
  3.9211500e-001  3.3607561e+000
  3.9282930e-001  3.3474723e+000
  3.9354345e-001  3.3377146e+000
  3.9425775e-001  3.3329954e+000
  3.9497190e-001  3.3329954e+000
  3.9568620e-001  3.3368019e+000
  3.9640035e-001  3.3323765e+000
  3.9711465e-001  3.3323765e+000
  3.9782880e-001  3.3320478e+000
  3.9854310e-001  3.3320478e+000
  3.9925725e-001  3.3320478e+000
  3.9997155e-001  3.3306498e+000
  4.0068570e-001  3.3258626e+000
  4.0140000e-001  3.3258626e+000
  1.0000000e+001  3.3258626e+000
